213
333
324
266
264
303
229
275
285
230
328
275
329
317
324
218
260
286
282
294
332
233
256
323
236
267
261
314
229
313
261
298
235
218
307
307
333
302
244
224
214
218
313
284
311
315
333
237
322
322
318
255
327
299
269
332
314
274
217
289
308
283
240
289
218
239
223
256
237
306
278
229
236
248
312
304
271
279
328
293
248
244
327
240
331
331
326
213
230
239
225
250
226
318
299
223
296
329
295
317
225
297
272
329
270
308
267
222
270
246
267
249
263
234
319
217
262
257
290
269
269
226
223
272
230
256
318
295
286
264
326
314
263
233
270
221
257
261
263
237
246
307
217
256
315
244
283
323
329
333
277
261
277
225
305
243
322
312
259
304
271
223
273
242
327
280
294
224
289
308
251
276
248
320
262
319
250
269
255
231
324
281
249
234
253
333
302
311
311
301
267
267
253
217
243
289
269
312
285
282
313
245
321
265
296
243
313
215
288
235
215
261
279
216
296
289
240
285
265
290
231
261
310
238
272
327
327
235
240
296
331
320
241
315
213
304
299
243
264
267
221
280
270
230
264
268
277
218
284
272
236
308
257
318
247
242
288
257
234
250
304
284
283
259
254
266
251
278
282
220
327
303
299
274
253
300
239
253
322
298
224
255
215
291
241
326
262
318
313
247
270
322
324
331
317
302
299
262
295
295
327
289
270
288
243
221
258
225
246
297
216
217
289
243
243
296
260
331
306
324
216
266
332
286
320
267
332
270
251
281
270
332
257
283
316
